  0.588923991    
  0.319909036    
  0.322734058    
  0.319723964    
  0.319824100    
  0.319564939    
  0.319717169    
  0.320235014    
  0.319900990    
  0.319632053    
  0.319940805    
  0.319617271    
  0.319776058    
  0.324677944    
  0.321019173    
  0.322366714    
  0.322310925    
  0.320714951    
  0.321336269    
  0.320415020    
  0.319970131    
  0.319977283    
  0.319994926    
  0.321938038    
  0.320043564    
  0.320521355    
  0.319929123    
  0.320497513    
  0.319857597    
  0.320255280    
  0.319960594    
  0.320035934    
  0.320210457    
  0.319946289    
  0.320114136    
  0.320109367    
  0.320462227    
  0.319949150    
  0.320429802    
  0.320083618    
  0.320116997    
  0.320231438    
  0.320217133    
  0.320136070    
  0.320164680    
  0.320635796    
  0.320288658    
  0.320268631    
  0.320754051    
  0.323249817    
  0.320074081    
  0.322555542    
  0.321699142    
  0.321498871    
  0.320686340    
  0.320268631    
  0.320224762    
  0.320346832    
  0.320182800    
  0.320953369    
  0.323173523    
  0.321481705    
  0.320283890    
  0.320314407    
  0.320356369    
  0.320348740    
  0.323858261    
  0.323047638    
  0.320997238    
  0.320671082    
  0.320379257    
  0.320209503    
  0.320470810    
  0.321102142    
  0.320331573    
  0.320384979    
  0.321199417    
  0.320436478    
  0.320354462    
  0.320457458    
  0.320276260    
  0.320821762    
  0.320392609    
  0.320669174    
  0.320316315    
  0.322919846    
  0.320367813    
  0.320466995    
  0.320638657    
  0.320705414    
  0.320688248    
  0.320583344    
  0.320718765    
  0.320388794    
  0.320783615    
  0.320634842    
  0.320690155    
  0.320583344    
  0.323341370    
  0.320438385    
