  0.592818022    
  0.316416025    
  0.316624045    
  0.316239119    
  0.316462040    
  0.321486950    
  0.316838980    
  0.317693949    
  0.323858976    
  0.320453167    
  0.316941977    
  0.316416740    
  0.316695690    
  0.316311359    
  0.316655159    
  0.316378117    
  0.316924095    
  0.316310883    
  0.316832066    
  0.317057133    
  0.316491604    
  0.316938400    
  0.316387177    
  0.316519260    
  0.316500187    
  0.316822052    
  0.318745613    
  0.319401741    
  0.317997932    
  0.316832542    
  0.316878319    
  0.316729546    
  0.316445351    
  0.316604614    
  0.318727493    
  0.316580772    
  0.316611290    
  0.321346283    
  0.316702843    
  0.316555977    
  0.318201065    
  0.316658020    
  0.317411423    
  0.317251205    
  0.316957474    
  0.317075729    
  0.316873550    
  0.316760063    
  0.317020416    
  0.316806793    
  0.316921234    
  0.316778183    
  0.316772461    
  0.319171906    
  0.316886902    
  0.316917419    
  0.317955017    
  0.317239761    
  0.317144394    
  0.318042755    
  0.317066193    
  0.317268372    
  0.316867828    
  0.316942215    
  0.317354202    
  0.317163467    
  0.316959381    
  0.317068100    
  0.317453384    
  0.317249298    
  0.318258286    
  0.317102432    
  0.317394257    
  0.317079544    
  0.317115784    
  0.319467545    
  0.317436218    
  0.317575455    
  0.317342758    
  0.319845200    
  0.317527771    
  0.322807312    
  0.317871094    
  0.317419052    
  0.319129944    
  0.317781448    
  0.317752838    
  0.317558289    
  0.317556381    
  0.317485809    
  0.317352295    
  0.317859650    
  0.317392349    
  0.317506790    
  0.318340302    
  0.317813873    
  0.317703247    
  0.317607880    
  0.317667007    
  0.317670822    
